[app/ui]
version = 9.0.2
modtime = 1671019711.637288000

[app/launcher]
version = 9.0.2
modtime = 1671019711.639152000
